WEIGHT:NONE:0,0,0,0,0,0,0,0,0,0,0,0,0,0,0,0,0
WEIGHT:ALL:1,1,1,1,1,1,1,1,1,1,1,1,1,1,1,1,1
WEIGHT:INS:1,1,1,1,0,0,0,0,0,0,0,0,0,0,0,0,0
WEIGHT:IND:1,0,0,0,1,1,1,0,0,0,0,0,0,0,0,0,0
WEIGHT:INALL:1,1,1,1,1,1,1,0,0,0,0,0,0,0,0,0,0
WEIGHT:MIDD:1,0,0,0,1,1,1,1,1,1,1,1,0,0,0,0,0
WEIGHT:OUTD:1,0,0,0,0,0,0,0,1,1,1,1,0,0,0,0,0
WEIGHT:OUTS:1,0,0,0,0,0,0,0,0,0,0,0,1,1,1,1,1
WEIGHT:OUTALL:1,0,0,0,0,0,0,0,1,1,1,1,1,1,1,1,1
WEIGHT:ALL0.5:0.5,0.5,0.5,0.5,0.5,0.5,0.5,0.5,0.5,0.5,0.5,0.5,0.5,0.5,0.5,0.5,0.5
WEIGHT:FLUXALL:1,1,1,1,1,1,1,1,1,1,1,1,1,1,1,1,1,1,1,1,1,1,1,1,1,1,1,1,1,1,1,1,1,1,1,1,1,1,1,1,1,1,1,1,1,1,1,1,1,1,1,1,1,1,1,1,1,1,1,1,1
WEIGHT:ZITALL:1,1,1,1,1,1,1,1,1,1,1,1,1,1,1,1,1,1,1,1,1,1,1,1,1,1,1,1,1,1
ELEMENT:ATTNDEEPON:IN05-OUT05:attn:1
ELEMENT:ATTNDEEPOFF:IN05-OUT05:attn:0
ELEMENT:PROJDEEPOFF:IN05-OUT05:proj:0
